{'text/html': '        <script type="text/javascript">\n        window.PlotlyConfig = {MathJaxConfig: \'local\'};\n        if (window.MathJax) {MathJax.Hub.Config({SVG: {font: "STIX-Web"}});}\n        if (typeof require !== \'undefined\') {\n        require.undef("plotly");\n        requirejs.config({\n            paths: {\n                \'plotly\': [\'https://cdn.plot.ly/plotly-latest.min\']\n            }\n        });\n        require([\'plotly\'], function(Plotly) {\n            window._Plotly = Plotly;\n        });\n        }\n        </script>\n        '}
Age                         False
Attrition                   False
BusinessTravel              False
DailyRate                   False
Department                  False
DistanceFromHome            False
Education                   False
EducationField              False
EmployeeCount               False
EmployeeNumber              False
EnvironmentSatisfaction     False
Gender                      False
HourlyRate                  False
JobInvolvement              False
JobLevel                    False
JobRole                     False
JobSatisfaction             False
MaritalStatus               False
MonthlyIncome               False
MonthlyRate                 False
NumCompaniesWorked          False
Over18                      False
OverTime                    False
PercentSalaryHike           False
PerformanceRating           False
RelationshipSatisfaction    False
StandardHours               False
StockOptionLevel            False
TotalWorkingYears           False
TrainingTimesLastYear       False
WorkLifeBalance             False
YearsAtCompany              False
YearsInCurrentRole          False
YearsSinceLastPromotion     False
YearsWithCurrManager        False
dtype: bool
{'application/vnd.plotly.v1+json': {'config': {'linkText': 'Export to plotly.com', 'plotlyServerURL': 'https://plotly.com', 'showLink': False}, 'data': [{'colorscale': [[0.0, '#440154'], [0.1111111111111111, '#482878'], [0.2222222222222222, '#3e4989'], [0.3333333333333333, '#31688e'], [0.4444444444444444, '#26828e'], [0.5555555555555556, '#1f9e89'], [0.6666666666666666, '#35b779'], [0.7777777777777778, '#6ece58'], [0.8888888888888888, '#b5de2b'], [1.0, '#fde725']], 'opacity': 1.0, 'reversescale': False, 'type': 'heatmap', 'x': ['Age', 'DailyRate', 'DistanceFromHome', 'Education', 'EmployeeNumber', 'EnvironmentSatisfaction', 'HourlyRate', 'JobInvolvement', 'JobLevel', 'JobSatisfaction', 'MonthlyIncome', 'MonthlyRate', 'NumCompaniesWorked', 'PercentSalaryHike', 'PerformanceRating', 'RelationshipSatisfaction', 'StockOptionLevel', 'TotalWorkingYears', 'TrainingTimesLastYear', 'WorkLifeBalance', 'YearsAtCompany', 'YearsInCurrentRole', 'YearsSinceLastPromotion', 'YearsWithCurrManager'], 'y': ['Age', 'DailyRate', 'DistanceFromHome', 'Education', 'EmployeeNumber', 'EnvironmentSatisfaction', 'HourlyRate', 'JobInvolvement', 'JobLevel', 'JobSatisfaction', 'MonthlyIncome', 'MonthlyRate', 'NumCompaniesWorked', 'PercentSalaryHike', 'PerformanceRating', 'RelationshipSatisfaction', 'StockOptionLevel', 'TotalWorkingYears', 'TrainingTimesLastYear', 'WorkLifeBalance', 'YearsAtCompany', 'YearsInCurrentRole', 'YearsSinceLastPromotion', 'YearsWithCurrManager'], 'z': [[1.0, 0.010660942645538149, -0.0016861201480870135, 0.20803373101424003, -0.010145467076855675, 0.010146427861437251, 0.02428654255096734, 0.02981995862959055, 0.5096042284323877, -0.004891877148687357, 0.49785456692658075, 0.028051167133922784, 0.29963475798369266, 0.0036335849148617645, 0.0019038955127583738, 0.053534719671228664, 0.0375097124247778, 0.6803805357911991, -0.019620818942698393, -0.021490027957098534, 0.3113087697450993, 0.21290105556556693, 0.21651336785165384, 0.20208860237515222], [0.010660942645538149, 1.0, -0.004985337352552674, -0.01680643320915765, -0.050990433654478126, 0.018354854300385467, 0.023381421528320238, 0.04613487399781132, 0.0029663348551117142, 0.03057100783714411, 0.007707058872006039, -0.032181601522581774, 0.03815343427940969, 0.022703677496334916, 0.0004732963271882408, 0.007846030957248321, 0.042142796377206686, 0.014514738706320859, 0.002452542712083261, -0.037848051005781515, -0.034054767568547466, 0.009932014960094184, -0.03322898478777197, -0.026363178228837648], [-0.0016861201480870135, -0.004985337352552674, 1.0, 0.021041825624123364, 0.032916407199243866, -0.016075326996493465, 0.031130585611766015, 0.008783279886444232, 0.00530273055449623, -0.0036688391677204214, -0.01701444474527587, 0.027472863548884053, -0.029250804197292986, 0.04023537745919304, 0.02710961848197604, 0.006557474646578711, 0.044871998853181376, 0.004628425863783853, -0.036942234339916, -0.02655600410656897, 0.009507719899011271, 0.018844999108945663, 0.010028835943115365, 0.014406048430629939], [0.20803373101424003, -0.01680643320915765, 0.021041825624123364, 1.0, 0.042070093029328424, -0.027128313256511653, 0.016774828880960865, 0.042437634318608114, 0.10158888624850132, -0.011296116736574009, 0.09496067704188856, -0.026084197160047597, 0.12631656017668416, -0.011110940860654199, -0.024538791164833422, -0.009118376696381497, 0.01842222020401694, 0.14827969653887266, -0.025100241137933486, 0.009819189309781843, 0.06911369603133874, 0.060235554120695735, 0.05425433359132035, 0.06906537825528397], [-0.010145467076855675, -0.050990433654478126, 0.032916407199243866, 0.042070093029328424, 1.0, 0.017620802485588, 0.035179212418711185, -0.006887922987035419, -0.018519193974228312, -0.046246734939416716, -0.014828515873784741, 0.012648229168459414, -0.001251032039801599, -0.012943995546151018, -0.0203588251469522, -0.06986141146763623, 0.06222669251362312, -0.014365198461300408, 0.02360316959192501, 0.010308641437966677, -0.011240463708114035, -0.008416311998425857, -0.009019064206633747, -0.009196645292770457], [0.010146427861437251, 0.018354854300385467, -0.016075326996493465, -0.027128313256511653, 0.017620802485588, 1.0, -0.04985695620300049, -0.008277598171759227, 0.001211699448913975, -0.006784352599075191, -0.006259087754780221, 0.03759962286571541, 0.012594323218943297, -0.03170119524179215, -0.029547952297681358, 0.0076653835410744765, 0.0034321577550576604, -0.0026930703885341364, -0.019359308347132335, 0.027627295460115407, 0.0014575491911166178, 0.018007460142878566, 0.016193605568453423, -0.0049987226281075076], [0.02428654255096734, 0.023381421528320238, 0.031130585611766015, 0.016774828880960865, 0.035179212418711185, -0.04985695620300049, 1.0, 0.04286064097152996, -0.027853486405547332, -0.07133462437378851, -0.015794304380892906, -0.015296749550649706, 0.022156883390196815, -0.009061986253740113, -0.0021716974278102176, 0.0013304527859505607, 0.05026339906511977, -0.002333681823322244, -0.008547685209270621, -0.004607233750264436, -0.019581616209121213, -0.02410622020878486, -0.02671558606433533, -0.020123200184066038], [0.02981995862959055, 0.04613487399781132, 0.008783279886444232, 0.042437634318608114, -0.006887922987035419, -0.008277598171759227, 0.04286064097152996, 1.0, -0.012629882671190917, -0.02147591033530702, -0.015271490778732858, -0.016322079053317184, 0.01501241324311095, -0.017204572244480576, -0.029071333439070115, 0.03429682061119727, 0.021522640378023945, -0.005533182057407529, -0.015337825759428998, -0.014616593162761336, -0.02135542697962983, 0.008716963497611708, -0.024184292365178967, 0.025975807949088905], [0.5096042284323877, 0.0029663348551117142, 0.00530273055449623, 0.10158888624850132, -0.018519193974228312, 0.001211699448913975, -0.027853486405547332, -0.012629882671190917, 1.0, -0.0019437080267456803, 0.950299913479854, 0.039562951045684296, 0.14250112381048835, -0.03473049227941859, -0.021222082108856632, 0.021641510532591626, 0.013983910528615518, 0.7822078045362802, -0.01819055019354957, 0.03781774559666627, 0.5347386873756353, 0.3894467328766716, 0.35388534696410395, 0.3752806077657263], [-0.004891877148687357, 0.03057100783714411, -0.0036688391677204214, -0.011296116736574009, -0.046246734939416716, -0.006784352599075191, -0.07133462437378851, -0.02147591033530702, -0.0019437080267456803, 1.0, -0.007156742355912731, 0.0006439169427039258, -0.05569942601274601, 0.020002039364081937, 0.0022971970637801426, -0.012453593161926874, 0.01069022612075585, -0.02018507268501687, -0.005779334958609058, -0.019458710212974534, -0.003802627948288062, -0.0023047852298301056, -0.018213567810190918, -0.02765621388428996], [0.49785456692658075, 0.007707058872006039, -0.01701444474527587, 0.09496067704188856, -0.014828515873784741, -0.006259087754780221, -0.015794304380892906, -0.015271490778732858, 0.950299913479854, -0.007156742355912731, 1.0, 0.034813626134121846, 0.14951521598969764, -0.027268586440314498, -0.017120138237390704, 0.025873436137557375, 0.005407676696812226, 0.7728932462543548, -0.021736276823893293, 0.030683081556940366, 0.5142848257331964, 0.36381766692870654, 0.34497763816542787, 0.3440788832587207], [0.028051167133922784, -0.032181601522581774, 0.027472863548884053, -0.026084197160047597, 0.012648229168459414, 0.03759962286571541, -0.015296749550649706, -0.016322079053317184, 0.039562951045684296, 0.0006439169427039258, 0.034813626134121846, 1.0, 0.017521353415571556, -0.006429345946711349, -0.00981142848936072, -0.004085329337519465, -0.034322830206661034, 0.026442471176015413, 0.0014668806322857696, 0.007963157516976974, -0.02365510670617723, -0.012814874370471655, 0.0015667995146762359, -0.036745905336769295], [0.29963475798369266, 0.03815343427940969, -0.029250804197292986, 0.12631656017668416, -0.001251032039801599, 0.012594323218943297, 0.022156883390196815, 0.01501241324311095, 0.14250112381048835, -0.05569942601274601, 0.14951521598969764, 0.017521353415571556, 1.0, -0.010238309359925531, -0.014094872753535341, 0.052733048564885456, 0.03007547509689753, 0.23763858978479374, -0.06605407172783631, -0.008365684790058657, -0.11842134024259048, -0.09075393370080816, -0.03681389238350813, -0.11031915543773214], [0.0036335849148617645, 0.022703677496334916, 0.04023537745919304, -0.011110940860654199, -0.012943995546151018, -0.03170119524179215, -0.009061986253740113, -0.017204572244480576, -0.03473049227941859, 0.020002039364081937, -0.027268586440314498, -0.006429345946711349, -0.010238309359925531, 1.0, 0.7735499964012668, -0.0404900810570771, 0.00752774782052024, -0.02060848761769149, -0.005221012351720988, -0.0032796360093679373, -0.03599126243195386, -0.0015200265442777384, -0.022154312598866084, -0.011985248472361218], [0.0019038955127583738, 0.0004732963271882408, 0.02710961848197604, -0.024538791164833422, -0.0203588251469522, -0.029547952297681358, -0.0021716974278102176, -0.029071333439070115, -0.021222082108856632, 0.0022971970637801426, -0.017120138237390704, -0.00981142848936072, -0.014094872753535341, 0.7735499964012668, 1.0, -0.03135145544245493, 0.003506471614809925, 0.006743667905952884, -0.015578881739137221, 0.002572361317682325, 0.003435126115923952, 0.03498626040719472, 0.017896066144799612, 0.022827168908479786], [0.053534719671228664, 0.007846030957248321, 0.006557474646578711, -0.009118376696381497, -0.06986141146763623, 0.0076653835410744765, 0.0013304527859505607, 0.03429682061119727, 0.021641510532591626, -0.012453593161926874, 0.025873436137557375, -0.004085329337519465, 0.052733048564885456, -0.0404900810570771, -0.03135145544245493, 1.0, -0.04595249071656096, 0.02405429182134115, 0.0024965263921170973, 0.01960440570396862, 0.019366786877455352, -0.015122914881937524, 0.033492502069353614, -0.0008674968446255921], [0.0375097124247778, 0.042142796377206686, 0.044871998853181376, 0.01842222020401694, 0.06222669251362312, 0.0034321577550576604, 0.05026339906511977, 0.021522640378023945, 0.013983910528615518, 0.01069022612075585, 0.005407676696812226, -0.034322830206661034, 0.03007547509689753, 0.00752774782052024, 0.003506471614809925, -0.04595249071656096, 1.0, 0.01013596931890164, 0.011274069611249013, 0.004128730002871822, 0.015058008028094429, 0.05081787275393108, 0.014352184864355582, 0.02469822656302997], [0.6803805357911991, 0.014514738706320859, 0.004628425863783853, 0.14827969653887266, -0.014365198461300408, -0.0026930703885341364, -0.002333681823322244, -0.005533182057407529, 0.7822078045362802, -0.02018507268501687, 0.7728932462543548, 0.026442471176015413, 0.23763858978479374, -0.02060848761769149, 0.006743667905952884, 0.02405429182134115, 0.01013596931890164, 1.0, -0.03566157127961898, 0.0010076456218964744, 0.6281331552682479, 0.4603646380118082, 0.40485775850255995, 0.4591883970831438], [-0.019620818942698393, 0.002452542712083261, -0.036942234339916, -0.025100241137933486, 0.02360316959192501, -0.019359308347132335, -0.008547685209270621, -0.015337825759428998, -0.01819055019354957, -0.005779334958609058, -0.021736276823893293, 0.0014668806322857696, -0.06605407172783631, -0.005221012351720988, -0.015578881739137221, 0.0024965263921170973, 0.011274069611249013, -0.03566157127961898, 1.0, 0.028072206603628903, 0.003568665678427497, -0.005737504337956901, -0.00206653603800598, -0.0040955260212261965], [-0.021490027957098534, -0.037848051005781515, -0.02655600410656897, 0.009819189309781843, 0.010308641437966677, 0.027627295460115407, -0.004607233750264436, -0.014616593162761336, 0.03781774559666627, -0.019458710212974534, 0.030683081556940366, 0.007963157516976974, -0.008365684790058657, -0.0032796360093679373, 0.002572361317682325, 0.01960440570396862, 0.004128730002871822, 0.0010076456218964744, 0.028072206603628903, 1.0, 0.012089185354581271, 0.04985649792220411, 0.008941249141234248, 0.002759440242340434], [0.3113087697450993, -0.034054767568547466, 0.009507719899011271, 0.06911369603133874, -0.011240463708114035, 0.0014575491911166178, -0.019581616209121213, -0.02135542697962983, 0.5347386873756353, -0.003802627948288062, 0.5142848257331964, -0.02365510670617723, -0.11842134024259048, -0.03599126243195386, 0.003435126115923952, 0.019366786877455352, 0.015058008028094429, 0.6281331552682479, 0.003568665678427497, 0.012089185354581271, 1.0, 0.7587537366134616, 0.618408865217602, 0.7692124251006991], [0.21290105556556693, 0.009932014960094184, 0.018844999108945663, 0.060235554120695735, -0.008416311998425857, 0.018007460142878566, -0.02410622020878486, 0.008716963497611708, 0.3894467328766716, -0.0023047852298301056, 0.36381766692870654, -0.012814874370471655, -0.09075393370080816, -0.0015200265442777384, 0.03498626040719472, -0.015122914881937524, 0.05081787275393108, 0.4603646380118082, -0.005737504337956901, 0.04985649792220411, 0.7587537366134616, 1.0, 0.5480562476995158, 0.7143647616385903], [0.21651336785165384, -0.03322898478777197, 0.010028835943115365, 0.05425433359132035, -0.009019064206633747, 0.016193605568453423, -0.02671558606433533, -0.024184292365178967, 0.35388534696410395, -0.018213567810190918, 0.34497763816542787, 0.0015667995146762359, -0.03681389238350813, -0.022154312598866084, 0.017896066144799612, 0.033492502069353614, 0.014352184864355582, 0.40485775850255995, -0.00206653603800598, 0.008941249141234248, 0.618408865217602, 0.5480562476995158, 1.0, 0.5102236357788096], [0.20208860237515222, -0.026363178228837648, 0.014406048430629939, 0.06906537825528397, -0.009196645292770457, -0.0049987226281075076, -0.020123200184066038, 0.025975807949088905, 0.3752806077657263, -0.02765621388428996, 0.3440788832587207, -0.036745905336769295, -0.11031915543773214, -0.011985248472361218, 0.022827168908479786, -0.0008674968446255921, 0.02469822656302997, 0.4591883970831438, -0.0040955260212261965, 0.002759440242340434, 0.7692124251006991, 0.7143647616385903, 0.5102236357788096, 1.0]]}], 'layout': {'height': 700, 'template': {'data': {'bar': [{'error_x': {'color': '#2a3f5f'}, 'error_y': {'color': '#2a3f5f'}, 'marker': {'line': {'color': '#E5ECF6', 'width': 0.5}}, 'type': 'bar'}], 'barpolar': [{'marker': {'line': {'color': '#E5ECF6', 'width': 0.5}}, 'type': 'barpolar'}], 'carpet': [{'aaxis': {'endlinecolor': '#2a3f5f', 'gridcolor': 'white', 'linecolor': 'white', 'minorgridcolor': 'white', 'startlinecolor': '#2a3f5f'}, 'baxis': {'endlinecolor': '#2a3f5f', 'gridcolor': 'white', 'linecolor': 'white', 'minorgridcolor': 'white', 'startlinecolor': '#2a3f5f'}, 'type': 'carpet'}], 'choropleth': [{'colorbar': {'outlinewidth': 0, 'ticks': ''}, 'type': 'choropleth'}], 'contour': [{'colorbar': {'outlinewidth': 0, 'ticks': ''}, 'colorscale': [[0.0, '#0d0887'], [0.1111111111111111, '#46039f'], [0.2222222222222222, '#7201a8'], [0.3333333333333333, '#9c179e'], [0.4444444444444444, '#bd3786'], [0.5555555555555556, '#d8576b'], [0.6666666666666666, '#ed7953'], [0.7777777777777778, '#fb9f3a'], [0.8888888888888888, '#fdca26'], [1.0, '#f0f921']], 'type': 'contour'}], 'contourcarpet': [{'colorbar': {'outlinewidth': 0, 'ticks': ''}, 'type': 'contourcarpet'}], 'heatmap': [{'colorbar': {'outlinewidth': 0, 'ticks': ''}, 'colorscale': [[0.0, '#0d0887'], [0.1111111111111111, '#46039f'], [0.2222222222222222, '#7201a8'], [0.3333333333333333, '#9c179e'], [0.4444444444444444, '#bd3786'], [0.5555555555555556, '#d8576b'], [0.6666666666666666, '#ed7953'], [0.7777777777777778, '#fb9f3a'], [0.8888888888888888, '#fdca26'], [1.0, '#f0f921']], 'type': 'heatmap'}], 'heatmapgl': [{'colorbar': {'outlinewidth': 0, 'ticks': ''}, 'colorscale': [[0.0, '#0d0887'], [0.1111111111111111, '#46039f'], [0.2222222222222222, '#7201a8'], [0.3333333333333333, '#9c179e'], [0.4444444444444444, '#bd3786'], [0.5555555555555556, '#d8576b'], [0.6666666666666666, '#ed7953'], [0.7777777777777778, '#fb9f3a'], [0.8888888888888888, '#fdca26'], [1.0, '#f0f921']], 'type': 'heatmapgl'}], 'histogram': [{'marker': {'colorbar': {'outlinewidth': 0, 'ticks': ''}}, 'type': 'histogram'}], 'histogram2d': [{'colorbar': {'outlinewidth': 0, 'ticks': ''}, 'colorscale': [[0.0, '#0d0887'], [0.1111111111111111, '#46039f'], [0.2222222222222222, '#7201a8'], [0.3333333333333333, '#9c179e'], [0.4444444444444444, '#bd3786'], [0.5555555555555556, '#d8576b'], [0.6666666666666666, '#ed7953'], [0.7777777777777778, '#fb9f3a'], [0.8888888888888888, '#fdca26'], [1.0, '#f0f921']], 'type': 'histogram2d'}], 'histogram2dcontour': [{'colorbar': {'outlinewidth': 0, 'ticks': ''}, 'colorscale': [[0.0, '#0d0887'], [0.1111111111111111, '#46039f'], [0.2222222222222222, '#7201a8'], [0.3333333333333333, '#9c179e'], [0.4444444444444444, '#bd3786'], [0.5555555555555556, '#d8576b'], [0.6666666666666666, '#ed7953'], [0.7777777777777778, '#fb9f3a'], [0.8888888888888888, '#fdca26'], [1.0, '#f0f921']], 'type': 'histogram2dcontour'}], 'mesh3d': [{'colorbar': {'outlinewidth': 0, 'ticks': ''}, 'type': 'mesh3d'}], 'parcoords': [{'line': {'colorbar': {'outlinewidth': 0, 'ticks': ''}}, 'type': 'parcoords'}], 'pie': [{'automargin': True, 'type': 'pie'}], 'scatter': [{'marker': {'colorbar': {'outlinewidth': 0, 'ticks': ''}}, 'type': 'scatter'}], 'scatter3d': [{'line': {'colorbar': {'outlinewidth': 0, 'ticks': ''}}, 'marker': {'colorbar': {'outlinewidth': 0, 'ticks': ''}}, 'type': 'scatter3d'}], 'scattercarpet': [{'marker': {'colorbar': {'outlinewidth': 0, 'ticks': ''}}, 'type': 'scattercarpet'}], 'scattergeo': [{'marker': {'colorbar': {'outlinewidth': 0, 'ticks': ''}}, 'type': 'scattergeo'}], 'scattergl': [{'marker': {'colorbar': {'outlinewidth': 0, 'ticks': ''}}, 'type': 'scattergl'}], 'scattermapbox': [{'marker': {'colorbar': {'outlinewidth': 0, 'ticks': ''}}, 'type': 'scattermapbox'}], 'scatterpolar': [{'marker': {'colorbar': {'outlinewidth': 0, 'ticks': ''}}, 'type': 'scatterpolar'}], 'scatterpolargl': [{'marker': {'colorbar': {'outlinewidth': 0, 'ticks': ''}}, 'type': 'scatterpolargl'}], 'scatterternary': [{'marker': {'colorbar': {'outlinewidth': 0, 'ticks': ''}}, 'type': 'scatterternary'}], 'surface': [{'colorbar': {'outlinewidth': 0, 'ticks': ''}, 'colorscale': [[0.0, '#0d0887'], [0.1111111111111111, '#46039f'], [0.2222222222222222, '#7201a8'], [0.3333333333333333, '#9c179e'], [0.4444444444444444, '#bd3786'], [0.5555555555555556, '#d8576b'], [0.6666666666666666, '#ed7953'], [0.7777777777777778, '#fb9f3a'], [0.8888888888888888, '#fdca26'], [1.0, '#f0f921']], 'type': 'surface'}], 'table': [{'cells': {'fill': {'color': '#EBF0F8'}, 'line': {'color': 'white'}}, 'header': {'fill': {'color': '#C8D4E3'}, 'line': {'color': 'white'}}, 'type': 'table'}]}, 'layout': {'annotationdefaults': {'arrowcolor': '#2a3f5f', 'arrowhead': 0, 'arrowwidth': 1}, 'autotypenumbers': 'strict', 'coloraxis': {'colorbar': {'outlinewidth': 0, 'ticks': ''}}, 'colorscale': {'diverging': [[0, '#8e0152'], [0.1, '#c51b7d'], [0.2, '#de77ae'], [0.3, '#f1b6da'], [0.4, '#fde0ef'], [0.5, '#f7f7f7'], [0.6, '#e6f5d0'], [0.7, '#b8e186'], [0.8, '#7fbc41'], [0.9, '#4d9221'], [1, '#276419']], 'sequential': [[0.0, '#0d0887'], [0.1111111111111111, '#46039f'], [0.2222222222222222, '#7201a8'], [0.3333333333333333, '#9c179e'], [0.4444444444444444, '#bd3786'], [0.5555555555555556, '#d8576b'], [0.6666666666666666, '#ed7953'], [0.7777777777777778, '#fb9f3a'], [0.8888888888888888, '#fdca26'], [1.0, '#f0f921']], 'sequentialminus': [[0.0, '#0d0887'], [0.1111111111111111, '#46039f'], [0.2222222222222222, '#7201a8'], [0.3333333333333333, '#9c179e'], [0.4444444444444444, '#bd3786'], [0.5555555555555556, '#d8576b'], [0.6666666666666666, '#ed7953'], [0.7777777777777778, '#fb9f3a'], [0.8888888888888888, '#fdca26'], [1.0, '#f0f921']]}, 'colorway': ['#636efa', '#EF553B', '#00cc96', '#ab63fa', '#FFA15A', '#19d3f3', '#FF6692', '#B6E880', '#FF97FF', '#FECB52'], 'font': {'color': '#2a3f5f'}, 'geo': {'bgcolor': 'white', 'lakecolor': 'white', 'landcolor': '#E5ECF6', 'showlakes': True, 'showland': True, 'subunitcolor': 'white'}, 'hoverlabel': {'align': 'left'}, 'hovermode': 'closest', 'mapbox': {'style': 'light'}, 'paper_bgcolor': 'white', 'plot_bgcolor': '#E5ECF6', 'polar': {'angularaxis': {'gridcolor': 'white', 'linecolor': 'white', 'ticks': ''}, 'bgcolor': '#E5ECF6', 'radialaxis': {'gridcolor': 'white', 'linecolor': 'white', 'ticks': ''}}, 'scene': {'xaxis': {'backgroundcolor': '#E5ECF6', 'gridcolor': 'white', 'gridwidth': 2, 'linecolor': 'white', 'showbackground': True, 'ticks': '', 'zerolinecolor': 'white'}, 'yaxis': {'backgroundcolor': '#E5ECF6', 'gridcolor': 'white', 'gridwidth': 2, 'linecolor': 'white', 'showbackground': True, 'ticks': '', 'zerolinecolor': 'white'}, 'zaxis': {'backgroundcolor': '#E5ECF6', 'gridcolor': 'white', 'gridwidth': 2, 'linecolor': 'white', 'showbackground': True, 'ticks': '', 'zerolinecolor': 'white'}}, 'shapedefaults': {'line': {'color': '#2a3f5f'}}, 'ternary': {'aaxis': {'gridcolor': 'white', 'linecolor': 'white', 'ticks': ''}, 'baxis': {'gridcolor': 'white', 'linecolor': 'white', 'ticks': ''}, 'bgcolor': '#E5ECF6', 'caxis': {'gridcolor': 'white', 'linecolor': 'white', 'ticks': ''}}, 'title': {'x': 0.05}, 'xaxis': {'automargin': True, 'gridcolor': 'white', 'linecolor': 'white', 'ticks': '', 'title': {'standoff': 15}, 'zerolinecolor': 'white', 'zerolinewidth': 2}, 'yaxis': {'automargin': True, 'gridcolor': 'white', 'linecolor': 'white', 'ticks': '', 'title': {'standoff': 15}, 'zerolinecolor': 'white', 'zerolinewidth': 2}}}, 'title': {'text': 'Pearson Correlation of numerical features'}, 'width': 900, 'xaxis': {'nticks': 36, 'ticks': ''}, 'yaxis': {'ticks': ''}}}, 'text/html': '<div>                            <div id="a2056231-c18e-47ed-be3b-d394f25aa140" class="plotly-graph-div" style="height:700px; width:900px;"></div>            <script type="text/javascript">                require(["plotly"], function(Plotly) {                    window.PLOTLYENV=window.PLOTLYENV || {};                                    if (document.getElementById("a2056231-c18e-47ed-be3b-d394f25aa140")) {                    Plotly.newPlot(                        "a2056231-c18e-47ed-be3b-d394f25aa140",                        [{"colorscale": [[0.0, "#440154"], [0.1111111111111111, "#482878"], [0.2222222222222222, "#3e4989"], [0.3333333333333333, "#31688e"], [0.4444444444444444, "#26828e"], [0.5555555555555556, "#1f9e89"], [0.6666666666666666, "#35b779"], [0.7777777777777778, "#6ece58"], [0.8888888888888888, "#b5de2b"], [1.0, "#fde725"]], "opacity": 1.0, "reversescale": false, "type": "heatmap", "x": ["Age", "DailyRate", "DistanceFromHome", "Education", "EmployeeNumber", "EnvironmentSatisfaction", "HourlyRate", "JobInvolvement", "JobLevel", "JobSatisfaction", "MonthlyIncome", "MonthlyRate", "NumCompaniesWorked", "PercentSalaryHike", "PerformanceRating", "RelationshipSatisfaction", "StockOptionLevel", "TotalWorkingYears", "TrainingTimesLastYear", "WorkLifeBalance", "YearsAtCompany", "YearsInCurrentRole", "YearsSinceLastPromotion", "YearsWithCurrManager"], "y": ["Age", "DailyRate", "DistanceFromHome", "Education", "EmployeeNumber", "EnvironmentSatisfaction", "HourlyRate", "JobInvolvement", "JobLevel", "JobSatisfaction", "MonthlyIncome", "MonthlyRate", "NumCompaniesWorked", "PercentSalaryHike", "PerformanceRating", "RelationshipSatisfaction", "StockOptionLevel", "TotalWorkingYears", "TrainingTimesLastYear", "WorkLifeBalance", "YearsAtCompany", "YearsInCurrentRole", "YearsSinceLastPromotion", "YearsWithCurrManager"], "z": [[1.0, 0.010660942645538149, -0.0016861201480870135, 0.20803373101424003, -0.010145467076855675, 0.010146427861437251, 0.02428654255096734, 0.02981995862959055, 0.5096042284323877, -0.004891877148687357, 0.49785456692658075, 0.028051167133922784, 0.29963475798369266, 0.0036335849148617645, 0.0019038955127583738, 0.053534719671228664, 0.0375097124247778, 0.6803805357911991, -0.019620818942698393, -0.021490027957098534, 0.3113087697450993, 0.21290105556556693, 0.21651336785165384, 0.20208860237515222], [0.010660942645538149, 1.0, -0.004985337352552674, -0.01680643320915765, -0.050990433654478126, 0.018354854300385467, 0.023381421528320238, 0.04613487399781132, 0.0029663348551117142, 0.03057100783714411, 0.007707058872006039, -0.032181601522581774, 0.03815343427940969, 0.022703677496334916, 0.0004732963271882408, 0.007846030957248321, 0.042142796377206686, 0.014514738706320859, 0.002452542712083261, -0.037848051005781515, -0.034054767568547466, 0.009932014960094184, -0.03322898478777197, -0.026363178228837648], [-0.0016861201480870135, -0.004985337352552674, 1.0, 0.021041825624123364, 0.032916407199243866, -0.016075326996493465, 0.031130585611766015, 0.008783279886444232, 0.00530273055449623, -0.0036688391677204214, -0.01701444474527587, 0.027472863548884053, -0.029250804197292986, 0.04023537745919304, 0.02710961848197604, 0.006557474646578711, 0.044871998853181376, 0.004628425863783853, -0.036942234339916, -0.02655600410656897, 0.009507719899011271, 0.018844999108945663, 0.010028835943115365, 0.014406048430629939], [0.20803373101424003, -0.01680643320915765, 0.021041825624123364, 1.0, 0.042070093029328424, -0.027128313256511653, 0.016774828880960865, 0.042437634318608114, 0.10158888624850132, -0.011296116736574009, 0.09496067704188856, -0.026084197160047597, 0.12631656017668416, -0.011110940860654199, -0.024538791164833422, -0.009118376696381497, 0.01842222020401694, 0.14827969653887266, -0.025100241137933486, 0.009819189309781843, 0.06911369603133874, 0.060235554120695735, 0.05425433359132035, 0.06906537825528397], [-0.010145467076855675, -0.050990433654478126, 0.032916407199243866, 0.042070093029328424, 1.0, 0.017620802485588, 0.035179212418711185, -0.006887922987035419, -0.018519193974228312, -0.046246734939416716, -0.014828515873784741, 0.012648229168459414, -0.001251032039801599, -0.012943995546151018, -0.0203588251469522, -0.06986141146763623, 0.06222669251362312, -0.014365198461300408, 0.02360316959192501, 0.010308641437966677, -0.011240463708114035, -0.008416311998425857, -0.009019064206633747, -0.009196645292770457], [0.010146427861437251, 0.018354854300385467, -0.016075326996493465, -0.027128313256511653, 0.017620802485588, 1.0, -0.04985695620300049, -0.008277598171759227, 0.001211699448913975, -0.006784352599075191, -0.006259087754780221, 0.03759962286571541, 0.012594323218943297, -0.03170119524179215, -0.029547952297681358, 0.0076653835410744765, 0.0034321577550576604, -0.0026930703885341364, -0.019359308347132335, 0.027627295460115407, 0.0014575491911166178, 0.018007460142878566, 0.016193605568453423, -0.0049987226281075076], [0.02428654255096734, 0.023381421528320238, 0.031130585611766015, 0.016774828880960865, 0.035179212418711185, -0.04985695620300049, 1.0, 0.04286064097152996, -0.027853486405547332, -0.07133462437378851, -0.015794304380892906, -0.015296749550649706, 0.022156883390196815, -0.009061986253740113, -0.0021716974278102176, 0.0013304527859505607, 0.05026339906511977, -0.002333681823322244, -0.008547685209270621, -0.004607233750264436, -0.019581616209121213, -0.02410622020878486, -0.02671558606433533, -0.020123200184066038], [0.02981995862959055, 0.04613487399781132, 0.008783279886444232, 0.042437634318608114, -0.006887922987035419, -0.008277598171759227, 0.04286064097152996, 1.0, -0.012629882671190917, -0.02147591033530702, -0.015271490778732858, -0.016322079053317184, 0.01501241324311095, -0.017204572244480576, -0.029071333439070115, 0.03429682061119727, 0.021522640378023945, -0.005533182057407529, -0.015337825759428998, -0.014616593162761336, -0.02135542697962983, 0.008716963497611708, -0.024184292365178967, 0.025975807949088905], [0.5096042284323877, 0.0029663348551117142, 0.00530273055449623, 0.10158888624850132, -0.018519193974228312, 0.001211699448913975, -0.027853486405547332, -0.012629882671190917, 1.0, -0.0019437080267456803, 0.950299913479854, 0.039562951045684296, 0.14250112381048835, -0.03473049227941859, -0.021222082108856632, 0.021641510532591626, 0.013983910528615518, 0.7822078045362802, -0.01819055019354957, 0.03781774559666627, 0.5347386873756353, 0.3894467328766716, 0.35388534696410395, 0.3752806077657263], [-0.004891877148687357, 0.03057100783714411, -0.0036688391677204214, -0.011296116736574009, -0.046246734939416716, -0.006784352599075191, -0.07133462437378851, -0.02147591033530702, -0.0019437080267456803, 1.0, -0.007156742355912731, 0.0006439169427039258, -0.05569942601274601, 0.020002039364081937, 0.0022971970637801426, -0.012453593161926874, 0.01069022612075585, -0.02018507268501687, -0.005779334958609058, -0.019458710212974534, -0.003802627948288062, -0.0023047852298301056, -0.018213567810190918, -0.02765621388428996], [0.49785456692658075, 0.007707058872006039, -0.01701444474527587, 0.09496067704188856, -0.014828515873784741, -0.006259087754780221, -0.015794304380892906, -0.015271490778732858, 0.950299913479854, -0.007156742355912731, 1.0, 0.034813626134121846, 0.14951521598969764, -0.027268586440314498, -0.017120138237390704, 0.025873436137557375, 0.005407676696812226, 0.7728932462543548, -0.021736276823893293, 0.030683081556940366, 0.5142848257331964, 0.36381766692870654, 0.34497763816542787, 0.3440788832587207], [0.028051167133922784, -0.032181601522581774, 0.027472863548884053, -0.026084197160047597, 0.012648229168459414, 0.03759962286571541, -0.015296749550649706, -0.016322079053317184, 0.039562951045684296, 0.0006439169427039258, 0.034813626134121846, 1.0, 0.017521353415571556, -0.006429345946711349, -0.00981142848936072, -0.004085329337519465, -0.034322830206661034, 0.026442471176015413, 0.0014668806322857696, 0.007963157516976974, -0.02365510670617723, -0.012814874370471655, 0.0015667995146762359, -0.036745905336769295], [0.29963475798369266, 0.03815343427940969, -0.029250804197292986, 0.12631656017668416, -0.001251032039801599, 0.012594323218943297, 0.022156883390196815, 0.01501241324311095, 0.14250112381048835, -0.05569942601274601, 0.14951521598969764, 0.017521353415571556, 1.0, -0.010238309359925531, -0.014094872753535341, 0.052733048564885456, 0.03007547509689753, 0.23763858978479374, -0.06605407172783631, -0.008365684790058657, -0.11842134024259048, -0.09075393370080816, -0.03681389238350813, -0.11031915543773214], [0.0036335849148617645, 0.022703677496334916, 0.04023537745919304, -0.011110940860654199, -0.012943995546151018, -0.03170119524179215, -0.009061986253740113, -0.017204572244480576, -0.03473049227941859, 0.020002039364081937, -0.027268586440314498, -0.006429345946711349, -0.010238309359925531, 1.0, 0.7735499964012668, -0.0404900810570771, 0.00752774782052024, -0.02060848761769149, -0.005221012351720988, -0.0032796360093679373, -0.03599126243195386, -0.0015200265442777384, -0.022154312598866084, -0.011985248472361218], [0.0019038955127583738, 0.0004732963271882408, 0.02710961848197604, -0.024538791164833422, -0.0203588251469522, -0.029547952297681358, -0.0021716974278102176, -0.029071333439070115, -0.021222082108856632, 0.0022971970637801426, -0.017120138237390704, -0.00981142848936072, -0.014094872753535341, 0.7735499964012668, 1.0, -0.03135145544245493, 0.003506471614809925, 0.006743667905952884, -0.015578881739137221, 0.002572361317682325, 0.003435126115923952, 0.03498626040719472, 0.017896066144799612, 0.022827168908479786], [0.053534719671228664, 0.007846030957248321, 0.006557474646578711, -0.009118376696381497, -0.06986141146763623, 0.0076653835410744765, 0.0013304527859505607, 0.03429682061119727, 0.021641510532591626, -0.012453593161926874, 0.025873436137557375, -0.004085329337519465, 0.052733048564885456, -0.0404900810570771, -0.03135145544245493, 1.0, -0.04595249071656096, 0.02405429182134115, 0.0024965263921170973, 0.01960440570396862, 0.019366786877455352, -0.015122914881937524, 0.033492502069353614, -0.0008674968446255921], [0.0375097124247778, 0.042142796377206686, 0.044871998853181376, 0.01842222020401694, 0.06222669251362312, 0.0034321577550576604, 0.05026339906511977, 0.021522640378023945, 0.013983910528615518, 0.01069022612075585, 0.005407676696812226, -0.034322830206661034, 0.03007547509689753, 0.00752774782052024, 0.003506471614809925, -0.04595249071656096, 1.0, 0.01013596931890164, 0.011274069611249013, 0.004128730002871822, 0.015058008028094429, 0.05081787275393108, 0.014352184864355582, 0.02469822656302997], [0.6803805357911991, 0.014514738706320859, 0.004628425863783853, 0.14827969653887266, -0.014365198461300408, -0.0026930703885341364, -0.002333681823322244, -0.005533182057407529, 0.7822078045362802, -0.02018507268501687, 0.7728932462543548, 0.026442471176015413, 0.23763858978479374, -0.02060848761769149, 0.006743667905952884, 0.02405429182134115, 0.01013596931890164, 1.0, -0.03566157127961898, 0.0010076456218964744, 0.6281331552682479, 0.4603646380118082, 0.40485775850255995, 0.4591883970831438], [-0.019620818942698393, 0.002452542712083261, -0.036942234339916, -0.025100241137933486, 0.02360316959192501, -0.019359308347132335, -0.008547685209270621, -0.015337825759428998, -0.01819055019354957, -0.005779334958609058, -0.021736276823893293, 0.0014668806322857696, -0.06605407172783631, -0.005221012351720988, -0.015578881739137221, 0.0024965263921170973, 0.011274069611249013, -0.03566157127961898, 1.0, 0.028072206603628903, 0.003568665678427497, -0.005737504337956901, -0.00206653603800598, -0.0040955260212261965], [-0.021490027957098534, -0.037848051005781515, -0.02655600410656897, 0.009819189309781843, 0.010308641437966677, 0.027627295460115407, -0.004607233750264436, -0.014616593162761336, 0.03781774559666627, -0.019458710212974534, 0.030683081556940366, 0.007963157516976974, -0.008365684790058657, -0.0032796360093679373, 0.002572361317682325, 0.01960440570396862, 0.004128730002871822, 0.0010076456218964744, 0.028072206603628903, 1.0, 0.012089185354581271, 0.04985649792220411, 0.008941249141234248, 0.002759440242340434], [0.3113087697450993, -0.034054767568547466, 0.009507719899011271, 0.06911369603133874, -0.011240463708114035, 0.0014575491911166178, -0.019581616209121213, -0.02135542697962983, 0.5347386873756353, -0.003802627948288062, 0.5142848257331964, -0.02365510670617723, -0.11842134024259048, -0.03599126243195386, 0.003435126115923952, 0.019366786877455352, 0.015058008028094429, 0.6281331552682479, 0.003568665678427497, 0.012089185354581271, 1.0, 0.7587537366134616, 0.618408865217602, 0.7692124251006991], [0.21290105556556693, 0.009932014960094184, 0.018844999108945663, 0.060235554120695735, -0.008416311998425857, 0.018007460142878566, -0.02410622020878486, 0.008716963497611708, 0.3894467328766716, -0.0023047852298301056, 0.36381766692870654, -0.012814874370471655, -0.09075393370080816, -0.0015200265442777384, 0.03498626040719472, -0.015122914881937524, 0.05081787275393108, 0.4603646380118082, -0.005737504337956901, 0.04985649792220411, 0.7587537366134616, 1.0, 0.5480562476995158, 0.7143647616385903], [0.21651336785165384, -0.03322898478777197, 0.010028835943115365, 0.05425433359132035, -0.009019064206633747, 0.016193605568453423, -0.02671558606433533, -0.024184292365178967, 0.35388534696410395, -0.018213567810190918, 0.34497763816542787, 0.0015667995146762359, -0.03681389238350813, -0.022154312598866084, 0.017896066144799612, 0.033492502069353614, 0.014352184864355582, 0.40485775850255995, -0.00206653603800598, 0.008941249141234248, 0.618408865217602, 0.5480562476995158, 1.0, 0.5102236357788096], [0.20208860237515222, -0.026363178228837648, 0.014406048430629939, 0.06906537825528397, -0.009196645292770457, -0.0049987226281075076, -0.020123200184066038, 0.025975807949088905, 0.3752806077657263, -0.02765621388428996, 0.3440788832587207, -0.036745905336769295, -0.11031915543773214, -0.011985248472361218, 0.022827168908479786, -0.0008674968446255921, 0.02469822656302997, 0.4591883970831438, -0.0040955260212261965, 0.002759440242340434, 0.7692124251006991, 0.7143647616385903, 0.5102236357788096, 1.0]]}],                        {"height": 700, "template": {"data": {"bar": [{"error_x": {"color": "#2a3f5f"}, "error_y": {"color": "#2a3f5f"}, "marker": {"line": {"color": "#E5ECF6", "width": 0.5}}, "type": "bar"}], "barpolar": [{"marker": {"line": {"color": "#E5ECF6", "width": 0.5}}, "type": "barpolar"}], "carpet": [{"aaxis": {"endlinecolor": "#2a3f5f", "gridcolor": "white", "linecolor": "white", "minorgridcolor": "white", "startlinecolor": "#2a3f5f"}, "baxis": {"endlinecolor": "#2a3f5f", "gridcolor": "white", "linecolor": "white", "minorgridcolor": "white", "startlinecolor": "#2a3f5f"}, "type": "carpet"}], "choropleth": [{"colorbar": {"outlinewidth": 0, "ticks": ""}, "type": "choropleth"}], "contour": [{"colorbar": {"outlinewidth": 0, "ticks": ""}, "colorscale": [[0.0, "#0d0887"], [0.1111111111111111, "#46039f"], [0.2222222222222222, "#7201a8"], [0.3333333333333333, "#9c179e"], [0.4444444444444444, "#bd3786"], [0.5555555555555556, "#d8576b"], [0.6666666666666666, "#ed7953"], [0.7777777777777778, "#fb9f3a"], [0.8888888888888888, "#fdca26"], [1.0, "#f0f921"]], "type": "contour"}], "contourcarpet": [{"colorbar": {"outlinewidth": 0, "ticks": ""}, "type": "contourcarpet"}], "heatmap": [{"colorbar": {"outlinewidth": 0, "ticks": ""}, "colorscale": [[0.0, "#0d0887"], [0.1111111111111111, "#46039f"], [0.2222222222222222, "#7201a8"], [0.3333333333333333, "#9c179e"], [0.4444444444444444, "#bd3786"], [0.5555555555555556, "#d8576b"], [0.6666666666666666, "#ed7953"], [0.7777777777777778, "#fb9f3a"], [0.8888888888888888, "#fdca26"], [1.0, "#f0f921"]], "type": "heatmap"}], "heatmapgl": [{"colorbar": {"outlinewidth": 0, "ticks": ""}, "colorscale": [[0.0, "#0d0887"], [0.1111111111111111, "#46039f"], [0.2222222222222222, "#7201a8"], [0.3333333333333333, "#9c179e"], [0.4444444444444444, "#bd3786"], [0.5555555555555556, "#d8576b"], [0.6666666666666666, "#ed7953"], [0.7777777777777778, "#fb9f3a"], [0.8888888888888888, "#fdca26"], [1.0, "#f0f921"]], "type": "heatmapgl"}], "histogram": [{"marker": {"colorbar": {"outlinewidth": 0, "ticks": ""}}, "type": "histogram"}], "histogram2d": [{"colorbar": {"outlinewidth": 0, "ticks": ""}, "colorscale": [[0.0, "#0d0887"], [0.1111111111111111, "#46039f"], [0.2222222222222222, "#7201a8"], [0.3333333333333333, "#9c179e"], [0.4444444444444444, "#bd3786"], [0.5555555555555556, "#d8576b"], [0.6666666666666666, "#ed7953"], [0.7777777777777778, "#fb9f3a"], [0.8888888888888888, "#fdca26"], [1.0, "#f0f921"]], "type": "histogram2d"}], "histogram2dcontour": [{"colorbar": {"outlinewidth": 0, "ticks": ""}, "colorscale": [[0.0, "#0d0887"], [0.1111111111111111, "#46039f"], [0.2222222222222222, "#7201a8"], [0.